 
[] 
[520, 260] 
[520, 260] 
[520, 260] 
[520, 260] 
[520, 260] 
[520, 260] 
[520, 260] 
[520, 260] 
[520, 260] 
[520, 260] 
[520, 260] 
[520, 260] 
[520, 260] 
[520, 260] 
[520, 260] 
[520, 260] 
[520, 260] 
[520, 260] 
[520, 260] 
[520, 260] 
[280, 280] 
[280, 280] 
[280, 280] 
[280, 280] 
[280, 280] 
[280, 280] 
[280, 280] 
[280, 280] 
[280, 280] 
[280, 280] 
[280, 280] 
[280, 280] 
[280, 280] 
[280, 280] 
[280, 280] 
[280, 280] 
[280, 280] 
[280, 280] 
[280, 280] 
[280, 280] 
[280, 280] 
[280, 280] 
[280, 280] 
[280, 280] 
[280, 280] 
[280, 280] 
[280, 280] 
[280, 280] 
[280, 280] 
[160, 320] 
[160, 320] 
[160, 320] 
[160, 320] 
[160, 320] 
[160, 320] 
[160, 320] 
[160, 320] 
[160, 320] 
[160, 320] 
[580, 380] 
[580, 380] 
[580, 380] 
[580, 380] 
[580, 380] 
[580, 380] 
[580, 380] 
[580, 380] 
[580, 380] 
[580, 380] 
[580, 380] 
[580, 380] 
[580, 380] 
[580, 380] 
[580, 380] 
[580, 380] 
[580, 380] 
[580, 380] 
[580, 380] 
[580, 380] 
[580, 380] 
[580, 380] 
[580, 380] 
[580, 380] 
[580, 380] 
[580, 380] 
[580, 380] 
[580, 380] 
[580, 380] 
[580, 380] 
[580, 380] 
[580, 380] 
[580, 380] 
[580, 380] 
[580, 380] 
[580, 380] 
[580, 380] 
[580, 380] 
[580, 380] 
[580, 380] 
[580, 380] 
[580, 380] 
[580, 380] 
[580, 380] 
[580, 380] 
[580, 380] 
[160, 160] 
[160, 160] 
[160, 160] 
[160, 160] 
[160, 160] 
[160, 160] 
[160, 160] 
[160, 160] 
[160, 160] 
[160, 160] 
[160, 160] 
[160, 160] 
[160, 160] 
[160, 160] 
[160, 160] 
[160, 160] 
[160, 160] 
[160, 160] 
[160, 160] 
[160, 160] 
[160, 160] 
[160, 160] 
[160, 160] 
[160, 160] 
[160, 160] 
[160, 160] 
[160, 160] 
[160, 160] 
[160, 160] 
[160, 160] 
[160, 160] 
[160, 160] 
[160, 160] 
[160, 160] 
[160, 160] 
[160, 160] 
[160, 160] 
[160, 160] 
[160, 160] 
[160, 160] 
[160, 160] 
[160, 160] 
[160, 160] 
[160, 160] 
[160, 160] 
[160, 160] 
[160, 160] 
[160, 160] 
[160, 160] 
[160, 160] 
[160, 160] 
[160, 160] 
[160, 160] 
[160, 160] 
[300, 180] 
[300, 180] 
[300, 180] 
[300, 180] 
[300, 180] 
[300, 180] 
[300, 180] 
[300, 180] 
[300, 180] 
[300, 180] 
[300, 180] 
[300, 180] 
[300, 180] 
[300, 180] 
[300, 180] 
[300, 180] 
[300, 180] 
[300, 180] 
[300, 180] 
[300, 180] 
[300, 180] 
[300, 180] 
[300, 180] 
[300, 180] 
[80, 400] 
[80, 400] 
[80, 400] 
[80, 400] 
[80, 400] 
[80, 400] 
[80, 400] 
[80, 400] 
[80, 400] 
[80, 400] 
[80, 400] 
[80, 400] 
[80, 400] 
[80, 400] 
[80, 400] 
[80, 400] 
[80, 400] 
[80, 400] 
[80, 400] 
[80, 400] 
[80, 400] 
[80, 400] 
[80, 400] 
[80, 400] 
[80, 400] 
[80, 400] 
[80, 400] 
[80, 400] 
[400, 300] 
[400, 300] 
[400, 300] 
[400, 300] 
[400, 300] 
[400, 300] 
[400, 300] 
[400, 300] 
[400, 300] 
[400, 300] 
[400, 300] 
[400, 300] 
[400, 300] 
[400, 300] 
[400, 300] 
[400, 300] 
[400, 300] 
[400, 300] 
[400, 300] 
[400, 300] 
[400, 300] 
[380, 220] 
[380, 220] 
[380, 220] 
[380, 220] 
[380, 220] 
[380, 220] 
[380, 220] 
[380, 220] 
[380, 220] 
[380, 220] 
[380, 220] 
[380, 220] 
[380, 220] 
[380, 220] 
[380, 220] 
[380, 220] 
[380, 220] 
[380, 220] 
[380, 220] 
[380, 220] 
[380, 220] 
[380, 220] 
[380, 220] 
[380, 220] 
[380, 220] 
[380, 220] 
[380, 220] 
[380, 220] 
[380, 220] 
[380, 180] 
[380, 180] 
[20, 200] 
[20, 200] 
[20, 200] 
[20, 200] 
[20, 200] 
[20, 200] 
[20, 200] 
[20, 200] 
[20, 200] 
[20, 200] 
[20, 200] 
[20, 200] 
[20, 200] 
[20, 200] 
[20, 200] 
[20, 200] 
[20, 200] 
[20, 200] 
[] 
[280, 380] 
[280, 380] 
[280, 380] 
[280, 380] 
[280, 380] 
[280, 380] 
[280, 380] 
[280, 380] 
[280, 380] 
[280, 380] 
[280, 380] 
[280, 380] 
[280, 380] 
[280, 380] 
[280, 380] 
[280, 380] 
[280, 380] 
[280, 380] 
[280, 380] 
[280, 380] 
[280, 380] 
[280, 380] 
[280, 380] 
[280, 380] 
[280, 380] 
[280, 380] 
[280, 380] 
[280, 380] 
[280, 380] 
[280, 380] 
[280, 380] 
[280, 380] 
[280, 380] 
[280, 380] 
[280, 380] 
[280, 380] 
[280, 380] 
[280, 380] 
[280, 380] 
[360, 440] 
[360, 440] 
[360, 440] 
[360, 440] 
[360, 440] 
[360, 440] 
[360, 440] 
[360, 440] 
[360, 440] 
[360, 440] 
[360, 440] 
[360, 440] 
[360, 440] 
[360, 440] 
[360, 440] 
[] 
[280, 120] 
[280, 120] 
[280, 120] 
[280, 120] 
[280, 120] 
[280, 120] 
[280, 120] 
[280, 120] 
[280, 120] 
[620, 360] 
[620, 360] 
[620, 360] 
[620, 360] 
[620, 360] 
[620, 360] 
[620, 360] 
[620, 360] 
[620, 360] 
[620, 360] 
[620, 360] 
[620, 360] 
[620, 360] 
[620, 360] 
[620, 360] 
[620, 360] 
[620, 360] 
[620, 360] 
[620, 360] 
[620, 360] 
[620, 360] 
[620, 360] 
[620, 360] 
[620, 360] 
[620, 360] 
[620, 360] 
[620, 360] 
[620, 360] 
[620, 360] 
[620, 360] 
[620, 360] 
[620, 360] 
[620, 360] 
[620, 360] 
[620, 360] 
[620, 360] 
[620, 360] 
[440, 80] 
[440, 80] 
[440, 80] 
[440, 80] 
[440, 80] 
[440, 80] 
[440, 80] 
[440, 80] 
[440, 80] 
[440, 80] 
[440, 80] 
[440, 80] 
[440, 80] 
[440, 80] 
[440, 80] 
[440, 80] 
[440, 80] 
[440, 80] 
[440, 80] 
[440, 80] 
[440, 80] 
[440, 80] 
[440, 80] 
[20, 340] 
[20, 340] 
[20, 340] 
[20, 340] 
[20, 340] 
[20, 340] 
[20, 340] 
[20, 340] 
[20, 340] 
[20, 340] 
[20, 340] 
[20, 340] 
[20, 340] 
[20, 340] 
[20, 340] 
[20, 340] 
[20, 340] 
[20, 340] 
[20, 340] 
[20, 340] 
[20, 340] 
[20, 340] 
[20, 340] 
[20, 340] 
[20, 340] 
[20, 340] 
[20, 340] 
[20, 340] 
[20, 340] 
[20, 340] 
[20, 340] 
[20, 340] 
[20, 340] 
[20, 340] 
[60, 300] 
[60, 300] 
[60, 300] 
[60, 300] 
[60, 300] 
[60, 300] 
[60, 300] 
[60, 300] 
[60, 300] 
[60, 300] 
[60, 300] 
[60, 300] 
[60, 300] 
[60, 300] 
[500, 300] 
[500, 300] 
[500, 300] 
[500, 300] 
[500, 300] 
[500, 300] 
[500, 300] 
[500, 300] 
[500, 300] 
[500, 300] 
[500, 300] 
[500, 300] 
[500, 300] 
[500, 300] 
[500, 300] 
[500, 300] 
[500, 300] 
[500, 300] 
[500, 300] 
[500, 300] 
[500, 300] 
[500, 300] 
[500, 300] 
[500, 300] 
[600, 260] 
[600, 260] 
[600, 260] 
[600, 260] 
[600, 260] 
[600, 260] 
[600, 260] 
[600, 260] 
[600, 260] 
[600, 260] 
[600, 260] 
[600, 260] 
[600, 260] 
[600, 260] 
[600, 260] 
[600, 260] 
[600, 260] 
[600, 260] 
[600, 260] 
[600, 260] 
[600, 260] 
[600, 260] 
[600, 260] 
[600, 260] 
[600, 260] 
[600, 260] 
[600, 260] 
[320, 240] 
[320, 240] 
[320, 240] 
[320, 240] 
[320, 240] 
[320, 240] 
[320, 240] 
[320, 240] 
[320, 240] 
[320, 240] 
[320, 240] 
[320, 240] 
[320, 240] 
[320, 240] 
[320, 240] 
[320, 240] 
[320, 240] 
[320, 240] 
[320, 240] 
[320, 240] 
[320, 240] 
[200, 220] 
[200, 220] 
[200, 220] 
[200, 220] 
[200, 220] 
[200, 220] 
[200, 220] 
[200, 220] 
[200, 220] 
[200, 220] 
[200, 220] 
[200, 220] 
[200, 220] 
[200, 220] 
[200, 220] 
[200, 220] 
[200, 220] 
[180, 420] 
[180, 420] 
[180, 420] 
[180, 420] 
[180, 420] 
[180, 420] 
[180, 420] 
[180, 420] 
[180, 420] 
[180, 420] 
[180, 420] 
[180, 420] 
[180, 420] 
[180, 420] 
[180, 420] 
[180, 420] 
[180, 420] 
[180, 420] 
[180, 420] 
[180, 420] 
[180, 420] 
[180, 420] 
[180, 420] 
[180, 420] 
[180, 420] 
[180, 420] 
[180, 420] 
[180, 420] 
[180, 420] 
[180, 420] 
[180, 420] 
[180, 420] 
[180, 420] 
[180, 420] 
[180, 420] 
[180, 420] 
[180, 420] 
[180, 420] 
[180, 420] 
[180, 420] 
[180, 420] 
[180, 420] 
[180, 420] 
[180, 420] 
[] 
[560, 120] 
[560, 120] 
[560, 120] 
[560, 120] 
[560, 120] 
[560, 120] 
[560, 120] 
[560, 120] 
[560, 120] 
[560, 120] 
[560, 120] 
[560, 120] 
[560, 120] 
[560, 120] 
[560, 120] 
[560, 120] 
[560, 120] 
[560, 120] 
[560, 120] 
[560, 120] 
[560, 120] 
[560, 120] 
[560, 120] 
[560, 120] 
[560, 120] 
[560, 120] 
[560, 120] 
[560, 120] 
[560, 120] 
[560, 120] 
[560, 120] 
[560, 120] 
[560, 120] 
[560, 120] 
[560, 120] 
[300, 160] 
[300, 160] 
[300, 160] 
[300, 160] 
[300, 160] 
[300, 160] 
[300, 160] 
[300, 160] 
[300, 160] 
[300, 160] 
[300, 160] 
[300, 160] 
[300, 160] 
[300, 160] 
[300, 160] 
[300, 160] 
[300, 160] 
[340, 40] 
[340, 40] 
[340, 40] 
[340, 40] 
[340, 40] 
[340, 40] 
[340, 40] 
[340, 40] 
[340, 40] 
[340, 40] 
[340, 40] 
[340, 40] 
[340, 40] 
[340, 40] 
[] 
[280, 220] 
[280, 220] 
[280, 220] 
[280, 220] 
[280, 220] 
[280, 220] 
[280, 220] 
[280, 220] 
[280, 220] 
[280, 220] 
[280, 220] 
[280, 220] 
[280, 220] 
[280, 220] 
[280, 220] 
[280, 220] 
[100, 400] 
[100, 400] 
[100, 400] 
[100, 400] 
[100, 400] 
[100, 400] 
[100, 400] 
[100, 400] 
[100, 400] 
[100, 400] 
[100, 400] 
[100, 400] 
[100, 400] 
[100, 400] 
[100, 400] 
[100, 400] 
[100, 400] 
[100, 400] 
[100, 400] 
[100, 400] 
[100, 400] 
[100, 400] 
[100, 400] 
[100, 400] 
[100, 400] 
[100, 400] 
[100, 400] 
[100, 400] 
[100, 400] 
[100, 400] 
[100, 400] 
[100, 400] 
[100, 400] 
[100, 400] 
[100, 400] 
[100, 400] 
[100, 400] 
[100, 400] 
[100, 400] 
[100, 400] 
[580, 40] 
[580, 40] 
[580, 40] 
[580, 40] 
[580, 40] 
[580, 40] 
[580, 40] 
[580, 40] 
[580, 40] 
[580, 40] 
[580, 40] 
[580, 40] 
[580, 40] 
[580, 40] 
[580, 40] 
[580, 40] 
[580, 40] 
[580, 40] 
[580, 40] 
[580, 40] 
[580, 40] 
[580, 40] 
[580, 40] 
[580, 40] 
[580, 40] 
[580, 40] 
[580, 40] 
[580, 40] 
[580, 40] 
[580, 40] 
[580, 40] 
[580, 40] 
[580, 40] 
[580, 40] 
[580, 40] 
[580, 40] 
[580, 40] 
[580, 40] 
[580, 40] 
[580, 40] 
[580, 40] 
[580, 40] 
[520, 120] 
[520, 120]